50 10 300 0.233 2.38
55 10 300 0.233 2.24
60 10 300 0.233 2.44
65 10 300 0.233 2.78
70 10 300 0.233 2.94
75 10 300 0.233 3.18
80 10 300 0.233 3.29
85 10 300 0.233 4.35
90 10 300 0.233 4.68
95 10 300 0.233 5.71
100 10 300 0.233 6.59
105 10 300 0.233 6.24
110 10 300 0.233 6.56
115 10 300 0.233 6.82
120 10 300 0.233 7.32
125 10 300 0.233 7.12
130 10 300 0.233 6.97
135 10 300 0.233 7.35
140 10 300 0.233 7.71
145 10 300 0.233 8.15
150 10 300 0.233 8.24
150 10 300 0.233 8.24
150 9 300 0.209 7.5
150 8 300 0.186 6.41
150 7 300 0.163 5.18
150 6 300 0.140 4.44
150 5 300 0.116 3.12
150 4 300 0.093 2.38
150 3 300 0.070 1.71
150 2 300 0.047 1.18
150 1 300 0.023 0.68
100 10 300 0.233 6.59
100 9 300 0.209 6.18
100 8 300 0.186 5.06
100 7 300 0.163 3.65
100 6 300 0.140 2.85
100 5 300 0.116 2.53
100 4 300 0.093 2
100 3 300 0.070 1.77
100 2 300 0.047 1.12
100 1 300 0.023 0.44
125 10 300 0.233 7.12
125 9 300 0.209 6.5
125 8 300 0.186 6.29
125 7 300 0.163 5.03
125 6 300 0.140 3.82
125 5 300 0.116 2.65
125 4 300 0.093 1.77
125 3 300 0.070 1.65
125 2 300 0.047 0.85
125 1 300 0.023 0.65
75 10 300 0.233 3.18
75 9 300 0.209 2.97
75 8 300 0.186 2.44
75 7 300 0.163 2.24
75 6 300 0.140 2.32
75 5 300 0.116 1.88
75 4 300 0.093 1.38
75 3 300 0.070 0.88
75 2 300 0.047 0.74
75 1 300 0.023 0.53
50 10 300 0.233 2.35
50 9 300 0.209 2.18
50 8 300 0.186 1.76
50 7 300 0.163 1.18
50 6 300 0.140 1.03
50 5 300 0.116 0.71
50 4 300 0.093 0.59
50 3 300 0.070 0.59
50 2 300 0.047 0.62
50 1 300 0.023 0.12
150 10 300 0.233 8.235294117647058 
150 10 290 0.233 8.147058823529411 
150 10 280 0.233 7.764705882352941 
150 10 260 0.233 6.617647058823529 
150 10 270 0.233 7.529411764705882 
150 10 250 0.233 6.323529411764706 
150 10 240 0.233 6.294117647058823 
150 10 230 0.233 5.617647058823529 
150 10 220 0.233 5.117647058823529 
150 10 210 0.233 4.764705882352941 
150 10 200 0.233 4.676470588235294 
150 10 190 0.233 4.088235294117647 
150 10 180 0.233 4.088235294117647 
150 10 170 0.233 4.0588235294117645 
150 10 160 0.233 4.205882352941177 
150 10 150 0.233 4.147058823529412 
150 10 140 0.233 4.029411764705882 
150 10 130 0.233 2.8823529411764706 
150 10 120 0.233 2.4705882352941178 
150 10 110 0.233 1.8529411764705883 
150 10 100 0.233 1.588235294117647 
125 10 100 0.233 1.1176470588235294 
125 10 100 0.233 1.2352941176470589 
125 10 110 0.233 1.2352941176470589 
125 10 120 0.233 1.6764705882352942 
125 10 130 0.233 1.5 
125 10 140 0.233 2.088235294117647 
125 10 150 0.233 2.5 
125 10 160 0.233 3.088235294117647 
125 10 170 0.233 3.911764705882353 
125 10 180 0.233 4.147058823529412 
125 10 190 0.233 4.235294117647059 
125 10 200 0.233 4.676470588235294 
125 10 210 0.233 4.852941176470588 
125 10 220 0.233 5.088235294117647 
125 10 230 0.233 5.470588235294118 
125 10 240 0.233 5.470588235294118 
125 10 250 0.233 5.647058823529412 
125 10 260 0.233 5.794117647058823 
125 10 270 0.233 5.970588235294118 
125 10 280 0.233 6.411764705882353 
125 10 290 0.233 6.911764705882353 
125 10 300 0.233 7.117647058823529 
60 10 300 0.233 2.5 
60 10 290 0.233 2.264705882352941 
60 10 283 0.233 2.2058823529411766 
60 10 253 0.233 2.0294117647058822 
60 10 238 0.233 1.8235294117647058 
60 10 224 0.233 1.911764705882353 
60 10 207 0.233 1.8235294117647058 
60 10 169 0.233 1.5588235294117647 
60 10 142 0.233 1.411764705882353 
60 10 124 0.233 0.6764705882352942 
88 10 100 0.233 1.2647058823529411 
88 10 133 0.233 1.3823529411764706 
88 10 145 0.233 1.2941176470588236 
88 10 168 0.233 1.7647058823529411 
88 10 236 0.233 2.911764705882353 
88 10 278 0.233 3.764705882352941 
88 9 278 0.209 3.3823529411764706 
88 8 278 0.186 3.176470588235294 
88 7 278 0.163 2.3529411764705883 
88 6 278 0.14 2.2941176470588234 
88 5 278 0.116 2.1176470588235294 
88 4 278 0.093 1.8235294117647058 
88 3 278 0.07 1.4411764705882353 
88 2 278 0.047 1.0294117647058822 
130 10 278 0.233 6.4411764705882355 
130 9 278 0.209 6.0588235294117645 
130 8 278 0.186 5.852941176470588 
130 7 278 0.163 4.676470588235294 
130 6 278 0.14 3.7941176470588234 
130 5 278 0.116 2.588235294117647 
130 4 278 0.093 1.7647058823529411 
130 3 278 0.07 1.6176470588235294 
130 2 278 0.047 0.7647058823529411 
118 10 300 0.233 7.470588235294118 
118 9 300 0.209 6.735294117647059 
118 8 300 0.186 6.382352941176471 
118 7 300 0.163 5.0 
118 6 300 0.14 3.823529411764706 
118 5 300 0.116 2.6470588235294117 
118 4 300 0.093 2.0588235294117645 
118 3 300 0.07 1.9411764705882353 
118 3 200 0.07 1.2058823529411764 
118 4 200 0.093 1.2352941176470589 
118 5 200 0.116 1.2647058823529411 
118 6 200 0.14 1.8235294117647058 
118 7 200 0.163 2.0 
118 8 200 0.186 3.3823529411764706 
118 9 200 0.209 3.9705882352941178 
118 10 200 0.233 4.411764705882353 
118 10 220 0.233 4.970588235294118 
118 9 220 0.209 4.705882352941177 
118 8 220 0.186 4.264705882352941 
118 7 220 0.163 3.088235294117647 
118 6 220 0.14 2.5588235294117645 
118 5 220 0.116 1.6176470588235294 
118 4 220 0.093 1.411764705882353 
118 3 220 0.07 1.411764705882353 
118 2 220 0.047 0.7352941176470589 
100 10 180 0.233 2.411764705882353 
100 9 180 0.209 2.323529411764706 
100 8 180 0.186 1.4411764705882353 
100 7 180 0.163 1.2058823529411764 
100 6 180 0.14 1.2058823529411764 
100 5 180 0.116 1.1176470588235294 
100 4 180 0.093 1.0 
100 3 180 0.07 0.9117647058823529 
100 2 180 0.047 0.47058823529411764 
150 10 150 0.233 4.147058823529412 
150 9 150 0.209 3.8529411764705883 
150 8 150 0.186 3.411764705882353 
150 7 150 0.163 2.323529411764706 
150 6 150 0.14 1.6470588235294117 
150 5 150 0.116 1.1176470588235294 
150 4 150 0.093 1.0 
150 3 150 0.07 0.8235294117647058 
280 10 300 0.233 13.941176470588236 
140 9 300 0.209 6.676470588235294 
140 8 300 0.186 6.235294117647059 
140 7 300 0.163 5.382352941176471 
140 6 300 0.14 4.117647058823529 
140 5 300 0.116 3.1470588235294117 
140 4 300 0.093 2.264705882352941 
140 3 300 0.07 1.7647058823529411 
140 2 300 0.047 1.1764705882352942 
120 10 300 0.233 7.323529411764706 
120 9 300 0.209 6.882352941176471 
120 8 300 0.186 6.5588235294117645 
120 7 300 0.163 5.323529411764706 
120 6 300 0.14 3.8823529411764706 
120 5 300 0.116 2.5 
120 4 300 0.093 1.9411764705882353 
120 3 300 0.07 1.9411764705882353 
120 2 300 0.047 0.9411764705882353 
150 10 228 0.233 5.382352941176471 
150 9 228 0.209 4.970588235294118 
150 8 228 0.186 4.470588235294118 
150 7 228 0.163 3.7058823529411766 
150 6 228 0.14 3.323529411764706 
150 5 228 0.116 2.4411764705882355 
150 4 228 0.093 1.588235294117647 
150 4 228 0.093 1.588235294117647 
150 3 228 0.07 1.3823529411764706 
150 2 228 0.047 0.7941176470588235 
200 10 228 0.233 8.823529411764707 
200 9 228 0.209 8.029411764705882 
200 8 228 0.186 5.794117647058823 
200 7 228 0.163 4.735294117647059 
200 6 228 0.14 3.5588235294117645 
200 5 228 0.116 3.588235294117647 
200 4 228 0.093 3.0588235294117645 
200 3 228 0.07 1.3823529411764706 
200 2 228 0.047 1.0588235294117647 
250 10 228 0.233 9.852941176470589 
250 9 228 0.209 8.647058823529411 
250 8 228 0.186 7.823529411764706 
250 7 228 0.163 5.852941176470588 
250 6 228 0.14 4.705882352941177 
250 5 228 0.116 3.5294117647058822 
250 4 228 0.093 2.9411764705882355 
250 3 228 0.07 2.4705882352941178 
250 2 228 0.047 1.411764705882353 
300 10 228 0.233 10.411764705882353 
300 9 228 0.209 10.264705882352942 
300 8 228 0.186 9.147058823529411 
300 7 228 0.163 8.205882352941176 
300 6 228 0.14 6.352941176470588 
300 5 228 0.116 5.382352941176471 
300 4 228 0.093 3.176470588235294 
300 3 228 0.07 3.088235294117647 
300 2 228 0.047 2.0588235294117645 
75 10 228 0.233 2.1470588235294117 
75 9 228 0.209 2.0 
75 8 228 0.186 1.3823529411764706 
75 7 228 0.163 1.5 
75 6 228 0.14 1.3823529411764706 
75 6 228 0.14 1.3823529411764706 
75 5 228 0.116 0.7352941176470589 
75 5 228 0.116 0.7352941176470589 
75 4 228 0.093 0.6470588235294118 
75 3 228 0.07 0.38235294117647056 
75 10 300 0.233 3.176470588235294 
75 9 300 0.209 2.9705882352941178 
75 8 300 0.186 2.4411764705882355 
75 7 300 0.163 2.235294117647059 
75 6 300 0.14 2.323529411764706 
75 5 300 0.116 1.8823529411764706 
75 4 300 0.093 1.3823529411764706 
75 3 300 0.07 0.8823529411764706 
110 10 300 0.233 6.5588235294117645 
110 10 300 0.233 6.5588235294117645 
110 9 300 0.209 5.970588235294118 
110 8 300 0.186 5.735294117647059 
110 7 300 0.163 4.4411764705882355 
110 6 300 0.14 2.8529411764705883 
110 5 300 0.116 2.264705882352941 
110 4 300 0.093 1.8823529411764706 
110 3 300 0.07 1.911764705882353 
110 2 300 0.047 1.088235294117647 
110 1 300 0.023 0.5 
110 10 100 0.233 0.9411764705882353 
110 9 100 0.209 1.2352941176470589 
110 8 100 0.186 0.9705882352941176 
110 7 100 0.163 0.5882352941176471 
110 6 100 0.14 0.7058823529411765 
110 5 100 0.116 0.2647058823529412 
162 10 300 0.233 9.352941176470589 
162 9 300 0.209 8.176470588235293 
162 8 300 0.186 7.264705882352941 
162 7 300 0.163 5.323529411764706 
162 6 300 0.14 4.882352941176471 
162 5 300 0.116 3.823529411764706 
162 4 300 0.093 2.8529411764705883 
162 3 300 0.07 1.9705882352941178 
162 2 300 0.047 1.2647058823529411 
200 10 150 0.233 4.823529411764706 
200 9 150 0.209 4.176470588235294 
200 8 150 0.186 4.205882352941177 
200 7 150 0.163 3.0294117647058822 
200 6 150 0.14 2.764705882352941 
200 5 150 0.116 2.5588235294117645 
200 4 150 0.093 1.1470588235294117 
200 3 150 0.07 1.1176470588235294 
200 2 150 0.047 0.7647058823529411 
111 20 300 0.31254 5.1234567901234565 
111 19 300 0.2968 5.012345679012346 
111 18 300 0.2812 4.617283950617284 
111 17 300 0.2656 4.37037037037037 
111 16 300 0.25 4.074074074074074 
111 15 300 0.2343 3.753086419753086 
111 14 300 0.2188 3.493827160493827 
111 13 300 0.2031 3.4444444444444446 
111 12 300 0.1875 3.123456790123457 
111 11 300 0.1719 3.037037037037037 
111 10 300 0.1563 2.740740740740741 
111 9 300 0.1406 2.567901234567901 
111 8 300 0.125 2.185185185185185 
111 8 300 0.125 2.185185185185185 
111 7 300 0.163 1.8148148148148149 
111 6 300 0.1094 1.6419753086419753 
111 5 300 0.0938 1.2962962962962963 
111 4 300 0.0625 1.0246913580246915 
111 3 300 0.0469 0.5802469135802469 
111 2 300 0.0313 0.32098765432098764 
130 20 300 0.31254 6.234567901234568 
130 19 300 0.2968 5.9753086419753085 
130 18 300 0.2812 5.518518518518518 
130 17 300 0.2656 5.209876543209877 
130 16 300 0.25 4.703703703703703 
130 15 300 0.2343 4.172839506172839 
130 14 300 0.2188 3.962962962962963 
130 13 300 0.2031 3.814814814814815 
130 12 300 0.1875 3.3580246913580245 
130 11 300 0.1719 3.271604938271605 
130 10 300 0.1563 2.9382716049382718 
130 9 300 0.1406 2.580246913580247 
130 8 300 0.125 2.185185185185185 
130 7 300 0.163 1.9135802469135803 
130 6 300 0.1094 1.6419753086419753 
130 5 300 0.0938 1.2839506172839505 
130 4 300 0.0625 1.1111111111111112 
130 3 300 0.0469 0.7407407407407407 
130 2 300 0.0313 0.37037037037037035 
180 20 300 0.31254 8.790123456790123 
180 19 300 0.2968 8.333333333333334 
180 18 300 0.2812 8.17283950617284 
180 17 300 0.2656 7.45679012345679 
180 16 300 0.25 7.111111111111111 
180 15 300 0.2343 6.08641975308642 
180 14 300 0.2188 5.679012345679013 
180 13 300 0.2031 5.345679012345679 
180 12 300 0.1875 4.839506172839506 
180 11 300 0.1719 4.62962962962963 
180 10 300 0.1563 3.950617283950617 
180 9 300 0.1406 3.4691358024691357 
180 8 300 0.125 3.2098765432098766 
180 7 300 0.163 3.0 
180 6 300 0.1094 2.567901234567901 
180 5 300 0.0938 2.123456790123457 
180 4 300 0.0625 1.6049382716049383 
180 3 300 0.0469 1.123456790123457 
180 2 300 0.0313 0.6296296296296297 
180 1 300 0.0156 0.32098765432098764 
180 20 250 0.31254 6.839506172839506 
180 19 250 0.2968 6.592592592592593 
180 18 250 0.2812 6.345679012345679 
180 17 250 0.2656 5.901234567901234 
180 16 250 0.25 5.493827160493828 
180 15 250 0.2343 4.777777777777778 
180 14 250 0.2188 4.679012345679013 
180 13 250 0.2031 4.37037037037037 
180 12 250 0.1875 4.012345679012346 
180 11 250 0.1719 3.691358024691358 
180 10 250 0.1563 3.3950617283950617 
180 9 250 0.1406 2.814814814814815 
180 8 250 0.125 2.580246913580247 
180 7 250 0.163 2.345679012345679 
180 6 250 0.1094 2.0123456790123457 
180 5 250 0.0938 1.7160493827160495 
180 4 250 0.0625 1.2345679012345678 
180 3 250 0.0469 0.8518518518518519 
180 2 250 0.0313 0.5555555555555556 
180 20 270 0.31254 7.790123456790123 
180 19 270 0.2968 7.308641975308642 
180 18 270 0.2812 7.246913580246914 
180 17 270 0.2656 6.62962962962963 
180 16 270 0.25 6.345679012345679 
180 15 270 0.2343 5.604938271604938 
180 14 270 0.2188 5.098765432098766 
180 13 270 0.2031 4.8765432098765435 
180 12 270 0.1875 4.382716049382716 
180 11 270 0.1719 4.222222222222222 
180 10 270 0.1563 3.617283950617284 
180 9 270 0.1406 3.111111111111111 
180 8 270 0.125 2.8395061728395063 
180 7 270 0.163 2.654320987654321 
180 6 270 0.1094 2.308641975308642 
180 5 270 0.0938 2.0123456790123457 
180 4 270 0.0625 1.4444444444444444 
180 3 270 0.0469 0.9259259259259259 
180 2 270 0.0313 0.6049382716049383 
180 20 275 0.31254 7.987654320987654 
180 19 275 0.2968 7.493827160493828 
180 18 275 0.2812 7.3580246913580245 
180 17 275 0.2656 6.765432098765432 
180 16 275 0.25 6.469135802469136 
180 15 275 0.2343 5.666666666666667 
180 14 275 0.2188 5.148148148148148 
180 13 275 0.2031 4.9753086419753085 
180 12 275 0.1875 4.469135802469136 
180 11 275 0.1719 4.320987654320987 
180 10 275 0.1563 3.6666666666666665 
180 9 275 0.1406 3.1604938271604937 
180 8 275 0.125 2.9012345679012346 
180 7 275 0.163 2.7160493827160495 
180 6 275 0.1094 2.3580246913580245 
180 5 275 0.0938 2.0246913580246915 
180 5 275 0.0938 2.0246913580246915 
180 4 275 0.0625 1.4814814814814814 
180 3 275 0.0469 0.9629629629629629 
180 2 275 0.0313 0.6296296296296297 
150 20 300 0.31254 7.407407407407407 
150 20 290 0.31254 7.185185185185185 
150 20 280 0.31254 6.8765432098765435 
150 20 270 0.31254 6.6419753086419755 
150 20 260 0.31254 6.111111111111111 
150 20 250 0.31254 5.827160493827161 
150 20 240 0.31254 5.518518518518518 
150 20 200 0.31254 4.518518518518518 
150 20 190 0.31254 4.3580246913580245 
150 20 180 0.31254 4.012345679012346 
150 20 170 0.31254 3.8641975308641974 
150 20 160 0.31254 3.111111111111111 
150 20 150 0.31254 3.0617283950617282 
150 20 140 0.31254 2.7037037037037037 
150 20 130 0.31254 2.432098765432099 
150 20 120 0.31254 2.185185185185185 
150 20 110 0.31254 1.9012345679012346 
150 20 100 0.31254 1.7901234567901234 
150 20 90 0.31254 1.5061728395061729 
150 20 70 0.31254 1.1851851851851851 
150 20 60 0.31254 1.0987654320987654 
150 20 40 0.31254 0.654320987654321 
150 20 30 0.31254 0.4691358024691358 
150 20 20 0.31254 0.2716049382716049 
173 20 300 0.31254 8.469135802469136 
173 20 290 0.31254 8.160493827160494 
173 20 280 0.31254 7.91358024691358 
173 20 270 0.31254 7.617283950617284 
173 20 260 0.31254 7.08641975308642 
173 20 250 0.31254 6.851851851851852 
173 20 240 0.31254 6.506172839506172 
173 20 230 0.31254 6.135802469135802 
173 20 220 0.31254 5.839506172839506 
173 20 210 0.31254 5.493827160493828 
173 20 200 0.31254 4.9753086419753085 
173 20 190 0.31254 4.728395061728395 
173 20 180 0.31254 4.481481481481482 
173 20 170 0.31254 4.37037037037037 
173 20 160 0.31254 3.9876543209876543 
173 20 150 0.31254 3.8518518518518516 
173 20 140 0.31254 3.3209876543209877 
173 20 130 0.31254 3.0987654320987654 
173 20 120 0.31254 2.5925925925925926 
173 20 110 0.31254 2.2962962962962963 
173 20 100 0.31254 1.876543209876543 
173 20 90 0.31254 1.7777777777777777 
173 20 70 0.31254 1.4197530864197532 
173 20 60 0.31254 1.2345679012345678 
173 20 50 0.31254 1.1111111111111112 
173 20 40 0.31254 0.8641975308641975 
173 20 20 0.31254 0.3333333333333333 